1 0 0
2 0 1
3 0 1
4 0 2
5 0 2
6 0 3
7 0 2
8 0 3
9 0 4
10 0 4
11 0 5
12 0 5
13 0 4
14 0 6
15 0 6
16 0 6
17 0 5
18 0 7
19 0 7
20 0 6
21 0 3
22 0 8
23 0 9
24 0 6
25 0 2
26 0 7
27 0 6
28 0 7
29 0 10
30 0 4
31 0 7
32 0 4
33 0 8
34 0 7
35 0 9
36 0 10
37 0 3
38 0 8
39 0 4
40 0 6
41 0 7
42 0 8
43 0 5
44 0 5
45 0 2
46 0 7
47 0 3
48 0 8
49 0 3
50 0 10
51 0 4
52 0 7
53 0 5
54 0 3
55 0 9
56 0 9
57 0 6
58 0 11
59 0 4
60 0 4
61 0 5
62 0 9
63 0 3
64 0 6
65 0 7
66 0 6
67 0 7
68 0 7
69 0 5
70 0 9
71 0 9
72 0 5
73 0 3
74 0 8
75 0 5
76 0 10
77 0 8
78 0 10
79 0 9
80 0 9
81 0 5
82 0 6
83 0 9
84 0 4
85 0 6
86 0 3
87 0 6
88 0 10
89 0 11
90 0 4
91 0 9
92 0 7
93 0 10
94 0 9
95 0 8
96 0 5
97 0 7
98 0 2
99 0 6
100 0 9
101 0 6
102 0 11
103 0 9
104 0 5
105 0 10
106 0 5
107 0 5
108 0 5
109 0 6
110 0 4
111 0 12
112 0 9
113 0 6
114 0 4
115 0 2
116 0 7
117 0 11
118 0 7
119 0 10
120 0 6
121 0 6
122 0 7
123 0 10
124 0 7
125 0 6
126 0 11
127 0 5
128 0 10
129 0 7
130 0 6
131 0 10
132 0 9
133 0 6
134 0 13
135 0 2
136 0 12
137 0 7
138 0 1
139 0 6
140 0 9
141 0 7
142 0 12
143 0 10
144 0 7
145 0 7
146 0 6
147 0 11
148 0 9
149 0 7
150 0 3
151 0 6
152 0 5
153 0 5
154 0 8
155 0 7
156 0 9
157 0 8
158 0 11
159 0 5
160 0 12
161 0 5
162 0 7
163 0 11
164 0 8
165 0 8
166 0 10
167 0 3
168 0 6
169 0 9
170 0 11
171 0 9
172 0 6
173 0 6
174 0 9
175 0 10
176 0 6
177 0 6
178 0 12
179 0 7
180 0 7
181 0 10
182 0 11
183 0 8
184 0 8
185 0 11
186 0 8
187 0 11
188 0 5
189 0 8
190 0 6
191 0 7
192 0 8
193 0 4
194 0 3
195 0 8
196 0 8
197 0 10
198 0 4
199 0 8
200 0 7
201 0 10
202 0 7
203 0 10
204 0 7
205 0 5
206 0 9
207 0 8
208 0 6
209 0 8
210 0 8
211 0 8
212 0 7
213 0 10
214 0 7
215 0 7
216 0 5
217 0 9
218 0 10
219 0 11
220 0 1
221 0 5
222 0 5
223 0 8
224 0 10
225 0 11
226 0 5
227 0 6
228 0 9
229 0 12
230 0 2
231 0 10
232 0 3
233 0 7
234 0 11
235 0 6
236 0 9
237 0 13
238 0 8
239 0 8
240 0 4
241 0 9
242 0 8
243 0 5
244 0 10
245 0 8
246 0 9
247 0 6
248 0 9
249 0 4
250 0 8
251 0 6
252 0 6
253 0 8
254 0 8
255 0 5
256 0 6
257 0 6
258 0 7
259 0 11
260 0 7
261 0 9
262 0 12
263 0 7
264 0 7
265 0 3
266 0 8
267 0 9
268 0 8
269 0 6
270 0 9
271 0 7
272 0 7
273 0 13
274 0 5
275 0 6
276 0 10
277 0 9
278 0 12
279 0 9
280 0 11
281 0 5
282 0 8
283 0 10
284 0 7
285 0 8
286 0 7
287 0 5
288 0 5
289 0 5
290 0 5
291 0 7
292 0 9
293 0 5
294 0 9
295 0 5
296 0 6
297 0 7
298 0 12
299 0 3
300 0 6
301 0 5
302 0 3
303 0 10
304 0 7
305 0 7
306 0 9
307 0 9
308 0 9
309 0 6
310 0 8
311 0 6
312 0 6
313 0 9
314 0 8
315 0 7
316 0 8
317 0 7
318 0 9
319 0 7
320 0 6
321 0 8
322 0 6
323 0 5
324 0 8
325 0 5
326 0 13
327 0 6
328 0 5
329 0 5
330 0 8
331 0 9
332 0 4
333 0 6
334 0 10
335 0 6
336 0 8
337 0 6
338 0 10
339 0 3
340 0 8
341 0 7
342 0 9
343 0 9
344 0 10
345 0 5
346 0 5
347 0 8
348 0 3
349 0 4
350 0 8
351 0 8
352 0 10
353 0 10
354 0 3
355 0 9
356 0 5
357 0 6
358 0 7
359 0 4
360 0 5
361 0 4
362 0 5
363 0 9
364 0 5
365 0 8
366 0 5
367 0 6
368 0 7
369 0 10
370 0 13
371 0 7
372 0 8
373 0 6
374 0 10
375 0 9
376 0 10
377 0 10
378 0 13
379 0 8
380 0 7
381 0 6
382 0 3
383 0 3
384 0 6
385 0 5
386 0 10
387 0 8
388 0 5
389 0 9
390 0 12
391 0 7
392 0 7
393 0 11
394 0 5
395 0 5
396 0 8
397 0 3
398 0 5
399 0 7
400 0 9
401 0 8
402 0 8
403 0 8
404 0 7
405 0 8
406 0 4
407 0 7
408 0 7
409 0 14
410 0 9
411 0 7
412 0 11
413 0 11
414 0 9
415 0 5
416 0 12
417 0 10
418 0 8
419 0 9
420 0 7
421 0 7
422 0 8
423 0 7
424 0 6
425 0 5
426 0 5
427 0 7
428 0 11
429 0 7
430 0 6
431 0 14
432 0 4
433 0 2
434 0 10
435 0 13
436 0 5
437 0 11
438 0 7
439 0 10
440 0 7
441 0 7
442 0 8
443 0 6
444 0 5
445 0 8
446 0 8
447 0 8
448 0 6
449 0 10
450 0 9
451 0 9
452 0 5
453 0 7
454 0 6
455 0 5
456 0 10
457 0 9
458 0 5
459 0 8
460 0 7
461 0 7
462 0 5
463 0 9
464 0 10
465 0 7
466 0 11
467 0 4
468 0 9
469 0 9
470 0 4
471 0 3
472 0 6
473 0 8
474 0 7
475 0 5
476 0 11
477 0 4
478 0 7
479 0 10
480 0 4
481 0 2
482 0 7
483 0 10
484 0 12
485 0 5
486 0 8
487 0 10
488 0 7
489 0 4
490 0 6
491 0 10
492 0 11
493 0 7
494 0 5
495 0 3
496 0 6
497 0 8
498 0 10
499 0 7
500 0 10
501 0 9
502 0 7
503 0 8
504 0 7
505 0 8
506 0 9
507 0 5
508 0 8
509 0 5
510 0 10
511 0 5
512 0 10
513 0 2
514 0 9
515 0 5
516 0 7
517 0 9
518 0 10
519 0 6
520 0 9
521 0 6
522 0 8
523 0 6
524 0 2
525 0 7
526 0 8
527 0 7
528 0 7
529 0 8
530 0 13
531 0 5
532 0 7
533 0 8
534 0 5
535 0 10
536 0 11
537 0 11
538 0 4
539 0 11
540 0 3
541 0 10
542 0 6
543 0 6
544 0 2
545 0 6
546 0 13
547 0 6
548 0 5
549 0 6
550 0 6
551 0 9
552 0 10
553 0 8
554 0 12
555 0 13
556 0 8
557 0 7
558 0 11
559 0 6
560 0 7
561 0 10
562 0 13
563 0 11
564 0 3
565 0 9
566 0 7
567 0 8
568 0 8
569 0 5
570 0 8
571 0 6
572 0 7
573 0 7
574 0 8
575 0 9
576 0 1
577 0 9
578 0 8
579 0 9
580 0 8
581 0 8
582 0 1
583 0 9
584 0 5
585 0 10
586 0 6
587 0 12
588 0 7
589 0 7
590 0 7
591 0 8
592 0 10
593 0 10
594 0 7
595 0 12
596 0 11
597 0 10
598 0 5
599 0 3
600 0 8
601 0 11
602 0 5
603 0 7
604 0 9
605 0 10
606 0 7
607 0 9
608 0 7
609 0 9
610 0 10
611 0 11
612 0 6
613 0 3
614 0 5
615 0 4
616 0 6
617 0 10
618 0 3
619 0 5
620 0 10
621 0 12
622 0 6
623 0 10
624 0 11
625 0 11
626 0 5
627 0 8
628 0 6
629 0 12
630 0 8
631 0 4
632 0 10
633 0 5
634 0 8
635 0 8
636 0 5
637 0 11
638 0 9
639 0 5
640 0 8
641 0 10
642 0 4
643 0 8
644 0 5
645 0 11
646 0 6
647 0 6
648 0 6
649 0 2
650 0 4
651 0 7
652 0 8
653 0 10
654 0 1
655 0 9
656 0 7
657 0 10
658 0 11
659 0 5
660 0 4
661 0 6
662 0 10
663 0 7
664 0 8
665 0 8
666 0 6
667 0 7
668 0 5
669 0 11
670 0 4
671 0 6
672 0 9
673 0 6
674 0 11
675 0 13
676 0 6
677 0 8
678 0 9
679 0 3
680 0 8
681 0 6
682 0 3
683 0 9
684 0 3
685 0 7
686 0 8
687 0 3
688 0 12
689 0 7
690 0 3
691 0 2
692 0 14
693 0 10
694 0 12
695 0 6
696 0 5
697 0 6
698 0 2
699 0 6
700 0 11
701 0 7
702 0 6
703 0 9
704 0 10
705 0 7
706 0 7
707 0 8
708 0 4
709 0 8
710 0 6
711 0 14
712 0 10
713 0 9
714 0 8
715 0 10
716 0 6
717 0 9
718 0 8
719 0 7
720 0 7
721 0 7
722 0 13
723 0 5
724 0 8
725 0 8
726 0 8
727 0 12
728 0 9
729 0 11
730 0 4
731 0 8
732 0 9
733 0 8
734 0 11
735 0 6
736 0 10
737 0 9
738 0 7
739 0 4
740 0 8
741 0 6
742 0 9
743 0 5
744 0 7
745 0 10
746 0 7
747 0 7
748 0 2
749 0 5
750 0 5
751 0 12
752 0 8
753 0 7
754 0 13
755 0 11
756 0 8
757 0 4
758 0 7
759 0 10
760 0 5
761 0 6
762 0 5
763 0 11
764 0 3
765 0 8
766 0 6
767 0 9
768 0 6
769 0 1
770 0 8
771 0 4
772 0 8
773 0 7
774 0 10
775 0 10
776 0 8
777 0 9
778 0 6
779 0 7
780 0 9
781 0 10
782 0 9
783 0 3
784 0 4
785 0 10
786 0 8
787 0 12
788 0 10
789 0 4
790 0 2
791 0 6
792 0 5
793 0 7
794 0 6
795 0 6
796 0 1
797 0 8
798 0 9
799 0 8
800 0 9
801 0 8
802 0 9
803 0 12
804 0 4
805 0 5
806 0 10
807 0 12
808 0 10
809 0 12
810 0 10
811 0 10
812 0 8
813 0 6
814 0 7
815 0 14
816 0 11
817 0 9
818 0 7
819 0 8
820 0 8
821 0 6
822 0 7
823 0 3
824 0 7
825 0 9
826 0 4
827 0 6
828 0 10
829 0 4
830 0 3
831 0 13
832 0 12
833 0 8
834 0 7
835 0 8
836 0 9
837 0 8
838 0 9
839 0 8
840 0 9
841 0 7
842 0 5
843 0 8
844 0 14
845 0 5
846 0 6
847 0 10
848 0 8
849 0 7
850 0 10
851 0 10
852 0 8
853 0 6
854 0 11
855 0 10
856 0 9
857 0 5
858 0 11
859 0 10
860 0 6
861 0 5
862 0 12
863 0 10
864 0 11
865 0 5
866 0 10
867 0 7
868 0 5
869 0 5
870 0 7
871 0 7
872 0 11
873 0 3
874 0 5
875 0 6
876 0 3
877 0 5
878 0 10
879 0 8
880 0 9
881 0 4
882 0 11
883 0 6
884 0 10
885 0 9
886 0 5
887 0 8
888 0 3
889 0 10
890 0 7
891 0 6
892 0 5
893 0 6
894 0 6
895 0 1
896 0 10
897 0 12
898 0 2
899 0 8
900 0 6
901 0 10
902 0 3
903 0 5
904 0 13
905 0 7
906 0 8
907 0 3
908 0 4
909 0 4
910 0 2
911 0 4
912 0 8
913 0 5
914 0 1
915 0 6
916 0 10
917 0 8
918 0 7
919 0 4
920 0 10
921 0 8
922 0 9
923 0 10
924 0 5
925 0 7
926 0 8
927 0 8
928 0 10
929 0 8
930 0 8
931 0 3
932 0 5
933 0 9
934 0 13
935 0 7
936 0 10
937 0 3
938 0 11
939 0 8
940 0 14
941 0 7
942 0 9
943 0 1
944 0 10
945 0 10
946 0 6
947 0 6
948 0 7
949 0 10
950 0 12
951 0 11
952 0 5
953 0 9
954 0 8
955 0 9
956 0 4
957 0 7
958 0 9
959 0 3
960 0 2
961 0 5
962 0 10
963 0 5
964 0 13
965 0 11
966 0 6
967 0 2
968 0 5
969 0 10
970 0 13
971 0 13
972 0 7
973 0 8
974 0 4
975 0 9
976 0 4
977 0 3
978 0 6
979 0 10
980 0 6
981 0 13
982 0 8
983 0 12
984 0 8
985 0 7
986 0 3
987 0 5
988 0 6
989 0 13
990 0 8
991 0 12
992 0 9
993 0 7
994 0 10
995 0 6
996 0 1
997 0 6
998 0 6
999 0 3
1000 0 5
